[-123.07644031, 49.26457416]
[-76.31077, 39.4799]
[-81.454048, 39.41860861]
[-82.52072947, 37.47901546]
[-87.8507069, 41.1862683]
[-77.4296882, 37.5396582]
[-117.086421, 33.1192068]
[-83.13803, 39.953109]
[-105.025261, 39.6469319]
[-79.4708218, 43.6521306]
[-74.3176876, 40.8267932]
[-94.5554, 39.0763]
[-95.3698028, 29.7604267]
[-82.0920868, 39.7689572]
[-121.80723, 37.99925]
[-90.1635442, 30.0144158]
[-81.407571, 28.2919557]
[-81.6011644, 30.2878473]
[-104.9960917, 39.7484512]
[-84.238417, 34.029613]
[-82.8021086, 40.7310559]
[-111.8747445, 33.3260297]
[-87.1232616, 37.2927445]
[-114.0376231, 46.8477287]
[-88.9031201, 38.3172714]
[-74.4764017, 40.7979943]
[-83.6828352, 42.318795]
[-76.6121893, 39.2903848]
[-117.271596, 33.9106508]
[-90.3371889, 38.6105426]
[-99.4988369, 27.5430721]
[-82.5135945, 40.7635118]
[-81.3578859, 41.1536674]
[-103.84858, 44.6528974]
[-83.3334997, 42.3798062]
[-73.96294804, 40.77913521]
[-117.8716128, 33.59660763]
[-71.2666368, 42.0935577]
[-117.688944, 34.0122346]
[-74.924321, 42.7006303]
[-117.9992265, 33.660297]
[-87.6556468, 41.9577761]
[-87.68470135, 41.84152556]
[-71.3468091, 42.2775281]
[-82.94077791, 42.37802267]
[-98.7047606, 29.7506624]
[-86.10593, 39.91211]
[-98.1721661, 26.263999]
[-92.1610489, 32.5133553]
[-93.4094629, 44.865243]
[-83.3677168, 42.4989936]
[-122.0310733, 37.9779776]
[-83.0447751, 40.0629258]
[-98.4936282, 29.4241219]
[-77.0368707, 38.9071923]
[-87.6022658, 41.5425349]
[-122.2720879, 37.8015818]
[-122.3420558, 47.6105466]
[-80.18935393, 25.7734918]
[-106.0644677, 35.9853013]
[-88.2433829, 40.1164204]
[-122.5571997, 37.9521465]
[-95.3997134, 29.7098662]
[-70.8048167, 43.0995475]
[-87.7035635, 44.0745396]
[-84.5064881, 39.1031971]
[-80.912226, 35.721533]
[-122.89, 47.04]
[-74.09235564, 40.7006936]
[-73.9764563, 40.75189]
[-73.6174697, 40.7479217]
[-77.0909708, 38.8279255]
[-120.14, 34.5938]
[-79.3831843, 43.653226]
[-84.5037164, 38.0405837]
[-87.8721602, 41.9867507]
[-73.972216, 40.77274259]
[-87.950789, 42.989578]
[-77.4310992, 38.8942786]
[-90.1009108, 30.4754702]
[-78.6987687, 43.1463627]
[-73.1479068, 44.5439375]
[-95.6349463, 29.6196787]
[-122.2711137, 37.8043637]
[-90.0473738, 33.1123358]
[-81.39261961, 30.28829127]
[-118.32693554, 34.10150824]
[-93.11678726, 44.94907572]
[-78.88287, 35.1152499]
[-71.0482911, 42.3660616]
[-97.7277959, 31.1171194]
[-88.7815317, 30.4124127]
[-76.5015913, 37.1149017]
[-80.0604187, 26.8463867]
[-98.4952228, 29.4595699]
[-95.3707246, 29.7587831]
[-119.8783525, 39.6556022]
[-95.36512828, 29.72347781]
[-111.8891436, 33.6301496]
[-77.09724001, 38.98095928]
[-90.15302816, 32.35324528]
[-83.6828352, 42.318795]
[-73.98849997, 40.72322332]
[-79.680455, 41.6269265]
[-106.2548592, 32.0768506]
[-89.9654086, 35.9586833]
[-80.2322112, 26.347132]
[-76.8303636, 39.2778694]
[-74.7220017, 40.0312267]
[-71.0588801, 42.3600825]
[-81.3729372, 28.6659654]
[-73.98299337, 40.76252423]
[-117.80492587, 33.72253777]
[-81.9320482, 34.9495672]
[-111.8723326, 33.4146215]
[-82.6321376, 27.7696063]
[-97.7430608, 30.267153]
[-80.3132758, 25.6904618]
[-88.5733979, 40.0278116]
[-82.9911888, 39.9608078]
[-77.1067698, 38.8799697]
[-74.2612762, 40.6023216]
[-72.70371934, 40.81905649]
[-100.8726618, 37.9716898]
[-111.8545081, 40.6256703]
[-111.0451818, 45.6603986]
[-105.937799, 35.6869752]
[-85.3096801, 35.0456297]
[-93.6091064, 41.6005448]
[-81.53348494, 28.37468642]
[-85.7053085, 42.9133602]
[-80.057509, 26.7075344]
[-100.36545648, 25.65746146]
[-73.99202282, 40.7534997]
[-93.9758599, 32.4434251]
[-95.3698028, 29.7604267]
[-92.2895948, 34.7464809]
[-81.1143005, 34.0060214]
[-87.9334118, 42.5530753]
[-117.9461734, 33.9319578]
[-122.6757228, 45.5220648]
[-88.0834059, 42.0333607]
[-96.7298519, 32.9483335]
[-73.7284647, 40.8006567]
[-82.8087864, 40.0811745]
[-111.9403254, 33.2872209]
[-84.2943821, 39.1753377]
[-90.593281, 38.582171]
[-81.449533, 28.6715002]
[-78.7848024, 35.9072719]
[-73.7845768, 41.0050977]
[-118.399394, 34.0636055]
[-87.6297982, 41.8781136]
[-74.04723901, 40.74904372]
[-95.4830243, 29.7161912]
[-92.4159308, 34.7446913]
[-117.9353413, 34.1069527]
[-95.4008952, 29.7106841]
[-95.4196589, 29.73854153]
[-78.4607306, 37.23855682]
[-76.2350207, 36.7776777]
[-96.7547522, 32.8798071]
[-75.8190835, 41.3206358]
[-122.3332994, 47.6117778]
[-116.93758, 32.5530525]
[-111.8314724, 33.4151843]
[-117.1647094, 32.7269669]
[-76.0777535, 38.7856162]
[-93.4687489, 44.9211836]
[-97.4716652, 35.6615769]
[-96.9488945, 32.8140177]
[-90.4611995, 30.5043583]
[-116.93758, 32.5530525]
[-82.4531881, 27.384433]
[-101.8179302, 33.5802274]
[-74.3300842, 40.7862871]
[-78.8755587, 35.7443594]
[-73.8987469, 40.9312099]
[-100.4370375, 31.4637723]
[-95.9808179, 36.7473114]
[-88.400195, 42.275973]
[-95.3934513, 29.5555496]
[-83.6828352, 42.318795]
[-116.93758, 32.5530525]
[-82.4571776, 27.950575]
[-74.9218324, 39.8912248]
[-113.536354, 53.5436206]
[-93.711332, 41.5772115]
[-93.3304241, 44.9122524]
[-111.8910474, 40.7607793]
[-106.7829179, 32.2643401]
[-96.7969879, 32.7766642]
[-98.3826005, 40.9287602]
[-90.0489801, 35.1495343]
[-122.6764816, 45.5230622]
[-73.6281964, 41.0262417]
[-85.557542, 38.298633]
[-118.3152699, 46.0819562]
[-70.7625532, 43.0717552]
[-98.6526063, 29.6992106]
[-83.145686, 42.462301]
[-118.60003748, 34.22274909]
[-86.7828083, 36.16415008]
[-85.8381633, 31.3260854]
[-118.34, 34.12]
[-75.1652215, 39.9525839]
[-84.5737265, 34.0086653]
[-97.3307658, 32.7554883]
[-80.8445152, 36.2393013]
[-75.0339747, 39.9253287]
[-117.16139445, 32.7068894]
[-106.325, 42.8347]
[-118.1937395, 33.7700504]
[-118.3537293, 33.868405]
[-79.3831843, 43.653226]
[-122.2710602, 37.5549479]
[-95.4019527, 29.7091961]
[-76.5018807, 42.4439614]
[-91.0944517, 30.3934059]
[-118.2436849, 34.0522342]
[-77.305912, 38.8473099]
[-73.99732778, 40.71914167]
[-93.0529775, 42.555534]
[-121.9529992, 37.3539663]
[-93.6468529, 42.022476]
[-118.9070887, 34.1805403]
[-116.9655195, 32.6216453]
[-147.7163889, 64.8377778]
[-74.2966963, 40.2908566]
[-86.643456, 30.427788]
[-80.55345319, 43.46954787]
[-74.00547305, 40.74206873]
[-73.5621199, 45.51478]
[-81.4340628, 27.4636909]
[-87.950789, 42.989578]
[-112.0697758, 33.4588049]
[-70.7900722, 43.0291859]
[-80.3553302, 25.8195424]
[-122.0651819, 37.9100783]
[-98.4119811, 30.2767408]
[-113.4947504, 53.5417508]
[-96.9488945, 32.8140177]
[-94.8005537, 29.2984105]
[-122.9041674, 45.5382188]
[-95.4591026, 30.167185]
[-71.0588801, 42.3600825]
[-100.4370375, 31.4637723]
[-83.3527097, 42.36837]
[-78.8866943, 33.6890603]
[-87.46989, 41.5229]
[-73.57287, 45.50277]
[-88.3412111, 41.8933571]
[-84.338429, 33.8730946]
[-81.7345869, 28.046515]
[-76.8865085, 40.2584515]
[-117.8485373, 33.6989094]
[-79.9310512, 32.7764749]
[-104.58980995, 50.41700506]
[-77.3663538, 35.612661]
[-122.45259566, 37.76944232]
[-105.027517, 40.523983]
[-108.1662605, 36.7698666]
[-77.0368707, 38.9071923]
[-91.9479586, 38.8467082]
[-117.7946942, 33.6839473]
[-71.5225646, 42.2286954]
[-95.10747698, 29.57554266]
[-82.6267345, 27.7518284]
[-97.8202888, 30.505198]
[-80.6581159, 27.9513584]
[-84.3497542, 39.0728635]
[-96.8533424, 32.9525731]
[-121.4943996, 38.5815719]
[-83.7121, 42.7989]
[-81.7296273, 41.049534]
[-111.9260519, 33.4941704]
[-85.6230091, 38.219267]
[-87.9535534, 41.8397865]
[-81.8723084, 26.640628]
[-84.3615555, 34.0232431]
[-121.9140073, 47.6478787]
[-165.4063889, 64.5011111]
[-77.05114939, 38.92998629]
[-78.898619, 35.9940329]
[-72.9787163, 41.5023192]
[-118.4146487, 34.0094819]
[-111.81945632, 40.7492543]
[-75.977985, 36.8529263]
[-93.71856, 35.292227]
[-110.926479, 32.2217429]
[-85.6588999, 42.9616689]
[-77.9447102, 34.2257255]
[-87.9064736, 43.0389025]
[-71.1337112, 42.3539038]
[-118.451357, 34.1898566]
[-84.3042618, 33.7752916]
[-84.5096746, 36.5122186]
[-89.4012302, 43.0730517]
[-107.6580353, 41.0347862]
[-124.201184, 49.31417835]
[-77.152149, 39.086352]
[-121.8863286, 37.3382082]
[-95.048659, 45.1223711]
[-73.9441579, 40.6781784]
[-82.5748194, 27.4989278]
[-90.1994042, 38.6270025]
[-77.0367, 38.8951]
[-90.4973286, 36.0584021]
[-94.5785667, 39.0997265]
[-73.988333, 40.755833]
[-80.9041817, 35.1743999]
[-94.20114412, 42.49143313]
[-88.0493512, 42.25043]
[-73.2777239, 40.8446977]
[-122.2006786, 47.610377]
[-112.0573327, 33.5379274]
[-111.6183755, 32.6273558]
[-73.5387341, 41.0534302]
[-114.1485873, 51.0745509]
[-93.6091064, 41.6005448]
[-99.17323183, 19.43337424]
[-73.2848762, 42.3564609]
[-73.98842822, 40.74444846]
[-119.68268, 36.77303]
[-117.27679, 32.83058]
[-84.3620913, 33.849145]
[-117.1610838, 32.715738]
[-97.4841919, 35.2386275]
[-82.67780505, 27.84499653]
[-119.6788877, 36.8303133]
[-89.0187222, 42.6827885]
[-88.2017293, 41.5200305]
[-81.5190053, 41.0814447]
[-81.0228331, 29.2108147]
[-122.4194155, 37.7749295]
[-84.4393724, 33.6795531]
[-97.5788975, 35.578861]
[-74.2171072, 40.4105091]
[-100.983, 22.15]
[-115.17214, 36.0799499]
[-87.9279366, 43.0426168]
[-71.0588801, 42.3600825]
[-80.10473, 26.11946]
[-77.571382, 40.5992395]
[-106.8175387, 39.1910983]
[-115.1436895, 36.17042683]
[-121.0304636, 37.6666449]
[-95.3698028, 29.7604267]
[-77.5400613, 37.6040442]
[-88.5426136, 44.0247062]
[-112.0863874, 33.5080943]
[-85.1058981, 42.9779589]
[-86.1276029, 39.9604969]
[-83.1285242, 40.5886699]
[-94.6130121, 39.1775031]
[-79.94242143, 32.78409956]
[-114.03286, 51.0403499]
[-71.5225646, 42.2286954]
[-95.4791064, 30.1832463]
[-83.9847659, 34.0651493]
[-115.1398296, 36.1699412]
[-71.0549768, 42.3511707]
[-71.0588801, 42.3600825]
[-94.6295394, 38.9221969]
[-121.9885719, 37.5482697]
[-96.7561082, 32.5920798]
[-122.0363496, 37.36883]
[-111.554844, 32.7558962]
[-121.401804, 38.43243243]
[-118.41299, 34.0663399]
[-81.603576, 41.509547]
[-84.1246608, 39.843947]
[-83.0054423, 36.407317]
[-71.3281114, 42.0667652]
[-79.3038052, 43.7434334]
[-80.0819879, 35.8826369]
[-97.9413941, 29.8832749]
[-93.6091064, 41.6005448]
[-74.0165456, 41.0959315]
[-77.1067698, 38.8799697]
[-95.3832, 29.7629]
[-86.1237921, 40.0024861]
[-109.2029043, 41.5874644]
[-88.7289918, 43.1947211]
[-94.9397671, 39.1167952]
[-79.2581928, 43.7756724]
[-90.4408037, 38.6206914]
[-82.0105148, 33.4734978]
[-80.1373174, 26.1224386]
[-81.8086772, 26.6103399]
[-112.11983828, 33.58240765]
[-90.07422, 29.93103]
[-80.2636, 25.98035]
[-93.28767, 44.94885]
[-80.15567077, 25.91821018]
[-80.1289321, 26.3683064]
[-123.15495273, 49.2615821]
[-95.4882679, 29.0620369]
[-77.0010786, 41.2411897]
[-95.9373, 36.1313]
[-122.6757228, 45.5220648]
[-79.3853218, 41.2147851]
[-118.52793477, 34.23577298]
[-88.2292282, 43.0226475]
[-82.674074, 40.8824038]
[-89.7523756, 30.2851948]
[-74.000013, 40.22097237]
[-76.1474244, 43.0481221]
[-116.2146068, 43.6187102]
[-95.9979883, 41.2523634]
[-83.4902519, 44.2794611]
[-84.8250089, 42.5720034]
[-96.8, 32.7833]
[-83.14378, 42.48705]
[-78.167199, 39.100225]
[-82.3777335, 34.9208336]
[-95.3841326, 29.7039749]
[-82.8001026, 27.9658533]
[-111.793015, 34.863487]
[-88.8151977, 33.4548662]
[-95.3698028, 29.7604267]
[-88.1047287, 30.6809949]
[-77.4419378, 43.0986742]
[-119.6763655, 36.3247047]
[-77.05114939, 38.92998629]
[-96.8605701, 32.9970008]
[-79.9958864, 40.4406248]
[-79.8467349, 38.9259397]
[-123.114, 49.2609]
[-98.4936282, 29.4241219]
[-88.0234228, 43.0013586]
[-82.8293423, 42.5835951]
[-121.7680088, 37.6818745]
[-108.5006904, 45.7832856]
[-122.5485873, 38.0270044]
[-97.8783911, 36.3955891]
[-82.3428871, 34.8490553]
[-71.2289641, 42.4430372]
[-122.3486835, 45.4322635]
[-93.711332, 41.5772115]
[-71.7756586, 42.5828707]
[-122.0310733, 37.9779776]
[-73.2453824, 42.4500845]
[-86.1477, 39.7909]
[-82.9910378, 42.629202]
[-83.0527434, 39.9287138]
[-73.8448469, 40.718106]
[-95.3832, 29.7629]
[-74.42907, 39.37835]
[-86.1219155, 38.2120121]
[-74.14209366, 40.64225637]
[-100.8726618, 37.9716898]
[-84.4907621, 34.2367621]
[-87.6297982, 41.8781136]
[-105.0206757, 39.9651949]
[-88.0460894, 42.0467637]
[-84.2963223, 37.568694]
[-88.1991711, 41.5373782]
[-95.55706, 29.97034]
[-118.2300566, 34.1503596]
[-94.5727598, 39.1584696]
[-71.5215024, 41.7036711]
[-74.0059413, 40.7127837]
[-74.9290536, 39.7912261]
[-81.02156148, 34.04130498]
[-96.7311034, 43.5445959]
[-122.6757228, 45.5220648]
[-89.9346659, 35.0277847]
[-96.79470062, 32.83620071]
[-118.2436849, 34.0522342]
[-93.2650108, 44.977753]
[-121.8863286, 37.3382082]
[-74.0059413, 40.7127837]
[-81.4905896, 41.0379552]
[-86.7315785, 34.653069]
[-74.11, 40.67]
[-73.9441579, 40.6781784]
[-118.0647871, 33.8583483]
[-112.10832249, 36.05977085]
[-81.3805245, 28.6636113]
[-75.2782317, 40.2109404]
[-117.3008784, 34.4263886]
[-93.7116176, 32.4386445]
[-93.5802382, 45.5603353]
[-72.3286869, 42.1584103]
[-90.6199081, 38.7957425]
[-88.0834059, 42.0333607]
[-82.5280879, 40.7525748]
[-97.0328547, 47.9252568]
[-114.083134, 50.9871533]
[-121.78283099, 37.22100922]
[-78.1933634, 39.1939977]
[-122.407398, 37.787176]
[-93.1171264, 37.2683802]
[-81.9320482, 34.9495672]
[-74.4120953, 40.5187154]
[-115.1436895, 36.17042683]
[-93.3237824, 44.9191183]
[-96.8, 32.7833]
[-73.9675, 40.7779]
[-80.609799, 35.5304707]
[-117.0001651, 46.7323875]
[-74.0059413, 40.7127837]
[-85.6666559, 42.8668066]
[-86.7816016, 36.1626638]
[-80.3264404, 25.8406526]
[-118.561435, 34.4172579]
[-86.5795885, 36.2068208]
[-73.95, 40.7]
[-90.1531298, 29.9660371]
[-80.2241, 25.7877]
[-87.6268928, 41.85389883]
[-75.12054, 39.98262]
[-114.4586839, 42.5911424]
[-90.448726, 38.601715]
[-97.5164276, 35.4675602]
[-71.5225646, 42.2286954]
[-118.1445155, 34.1477849]
[-77.0847915, 38.9604075]
[-86.158068, 39.768403]
[-94.1185366, 36.3320196]
[-82.4484526, 27.3322265]
[-77.0469214, 38.8048355]
[-77.4360481, 37.5407246]
[-79.9310512, 32.7764749]
[-94.6707917, 38.9822282]
[-73.97527778, 40.78694444]
[-79.7919754, 36.0726354]
[-115.172816, 36.114646]
[-97.678896, 30.5082551]
[-93.77482054, 41.56114781]
[-104.8746508, 39.6166715]
[-95.992775, 36.1539816]
[-92.9975593, 30.2402047]
[-104.99366536, 39.74387136]
[-80.1322, 25.7904]
[-81.2264646, 35.1112478]
[-95.3435187, 29.7203238]
[-83.3677168, 42.4989936]
[-84.5120196, 39.1031182]
[-89.4131356, 38.8922687]
[-117.2393748, 47.6732281]
[-88.372493, 44.2837065]
[-82.2186632, 34.8626671]
[-82.1545891, 34.2146638]
[-82.5075487, 27.4440574]
[-96.0473525, 41.2496249]
[-95.4537405, 29.3563799]
[-122.2682245, 37.8113159]
[-105.2590374, 40.0168765]
[-84.027655, 36.0318578]
[-88.7281, 32.0401499]
[-73.9815337, 40.7388319]
[-121.8863286, 37.3382082]
[-117.7946942, 33.6839473]
[-104.8213634, 38.8338816]
[-122.3320708, 47.6062095]
[-97.238864, 37.747206]
[-93.2650108, 44.977753]
[-117.238446, 33.1904899]
[-96.78469849, 32.86600113]
[-97.3332, 32.7574]
[-84.35835, 33.76327]
[-81.69042, 41.50656]
[-105.0957755, 39.6121223]
[-115.1533426, 36.0357492]
[-92.1193012, 32.5093109]
[-76.9815877, 38.9052763]
[-92.4451371, 31.3112936]
[-90.2290098, 39.733936]
[-92.9376887, 47.4271546]
[-81.04, 34.0]
[-90.150328, 32.3567504]
[-122.4781473, 48.74908]
[-74.6804, 40.669264]
[-97.7483312, 28.4008319]
[-158.08083333, 21.33472222]
[-122.989827, 45.5228939]
[-87.6297982, 41.8781136]
[-88.0834059, 42.0333607]
[-122.2720879, 37.8015818]
[-82.4571776, 27.950575]
[-81.295578, 28.57967]
[-73.7629097, 41.0339862]
[-105.0265195, 39.7380371]
[-73.4533779, 41.3755722]
[-108.1662605, 36.7698666]
[-94.1667, 33.1183]
[-104.984, 39.7392]
[-77.94516, 34.24203]
[-84.13696204, 39.68816784]
[-99.13967809, 19.31182912]
[-76.7855152, 41.2056373]
[-117.5848025, 34.0965313]
[-77.4296585, 38.475143]
[-77.8600012, 40.7933949]
[-74.5143232, 40.9012101]
[-82.3407444, 29.687201]
[-73.99163363, 40.73692252]
[-83.0092803, 39.9602601]
[-88.5448237, 43.4941611]
[-102.3639713, 31.851916]
[-122.2711137, 37.8043637]
[-75.9179738, 42.0986867]
[-97.5164276, 35.4675602]
[-122.026918, 38.0349026]
[-76.92746145, 38.85966559]
[-88.2332, 40.10762]
[-97.781666, 30.242375]
[-83.3677168, 42.4989936]
[-112.0863874, 33.5080943]
[-86.8176831, 33.3758956]
[-75.1749671, 39.9531865]
[-98.4311883, 37.6439067]
[-95.244675, 29.9996824]
[-88.0111746, 41.8089191]
[-78.898619, 35.9940329]
[-91.7336846, 35.2468204]
[-122.68403412, 45.52224026]
[-85.30649, 35.03566]
[-84.51107, 39.32661]
[-81.243177, 42.9869502]
[-92.2895948, 34.7464809]
[-110.9715269, 32.2147915]
[-96.065691, 41.323545]
[-122.2603659, 47.4563081]
[-91.4984941, 44.811349]
[-87.8513165, 42.936424]
[-94.5810762, 39.1353143]
[-84.5120196, 39.1031182]
[-79.35104633, 43.64474074]
[-80.26920302, 26.12468056]
[-117.7184787, 33.6300714]
[-81.655651, 30.3321838]
[-122.3105666, 41.3098746]
[-94.7328902, 32.5440161]
[-85.7228061, 42.8122508]
[-77.1067698, 38.8799697]
[-71.0256126, 42.4666383]
[-92.1058538, 31.6738584]
[-86.8752869, 40.4167022]
[-112.0740373, 33.4483771]
[-98.4936282, 29.4241219]
[-119.6981901, 34.4208305]
[-112.070309, 43.593432]
[-97.1654129, 34.1806908]
[-90.3401404, 45.1385798]
[-83.3677168, 42.4989936]
[-74.0059413, 40.7127837]
[-88.3412111, 41.8933571]
[-77.3956698, 38.9494473]
[-90.583638, 41.5616176]
[-70.3320712, 43.6418885]
[-74.0064, 40.7142]
[-80.84333333, 35.22694444]
[-71.1308332, 41.9606476]
[-75.6062175, 45.4158013]
[-75.7040473, 45.418067]
[-74.11, 40.67]
[-88.74445466, 42.84045577]
[-89.3300461, 30.3088076]
[-77.4360481, 37.5407246]
[-104.1563253, 47.7166836]
[-121.2569138, 37.9642589]
[-99.16726249, 19.4280725]
[-95.6890185, 39.0558235]
[-90.2619605, 38.6391821]
[-87.6355995, 41.506146]
[-95.6311215, 29.5890748]
[-84.4537387, 45.334226]
[-90.403177, 39.4369917]
[-77.0085876, 40.2142565]
[-96.7743424, 32.9113863]
[-82.8108366, 39.9950519]
[-74.3059959, 40.8837406]
[-85.48710842, 32.59841695]
[-120.95534151, 37.59295529]
[-83.9432556, 38.0564679]
[-113.58845703, 53.57840494]
[-78.4563914, 35.650711]
[-80.1299002, 26.3673234]
[-76.7267773, 39.1137602]
[-80.6232788, 34.2461688]
[-71.0588801, 42.3600825]
[-79.0558445, 35.9131996]
[-87.6297982, 41.8781136]
[-91.0065088, 30.2193468]
[-74.0122041, 40.71760622]
[-73.7683784, 41.0322939]
[-117.2510579, 33.3753451]
[-122.17179853, 37.44375071]
[-83.24548522, 42.69690521]
[-81.6326234, 38.3498195]
[-114.05940132, 51.04839287]
[-73.98644, 40.75839]
[-72.5441445, 42.0027181]
[-104.8746508, 39.6166715]
[-105.0957755, 39.6121223]
[-74.0059413, 40.7127837]
[-110.8267447, 43.5894023]
[-76.856296, 39.092961]
[-83.6668629, 41.5793602]
[-82.5514869, 35.5950581]
[-77.7783348, 40.9133943]
[-74.1059775, 41.3645382]
[-81.0442, 34.0006]
[-79.9248669, 32.7791432]
[-96.07487478, 33.07511895]
[-92.9980556, 45.3375]
[-88.3200715, 41.7605849]
[-85.1949653, 34.277041]
[-82.2945923, 38.4095298]
[-82.3236667, 29.6508277]
[-112.0740373, 33.4483771]
[-95.3698028, 29.7604267]
[-83.2465957, 42.0708765]
[-82.3940104, 34.8526176]
[-71.396725, 42.0834313]
[-80.1917902, 25.7616798]
[-111.9231527, 33.4886728]
[-84.5120196, 39.1031182]
[-96.8, 32.7833]
[-122.33247834, 47.6054773]
[-118.4653598, 34.3929144]
[-97.09750366, 32.93360138]
[-77.0368707, 38.9071923]
[-82.1924356, 29.1399854]
[-90.3418979, 38.6854739]
[-88.0683955, 41.6986416]
[-83.7430378, 42.2808256]
[-84.406761, 42.2085364]
[-82.4115721, 29.6603042]
[-90.3371889, 38.6105426]
[-86.1180435, 39.978371]
[-117.652785, 34.0644251]
[-87.647683, 41.8811129]
[-97.39669788, 32.98839108]
[-82.5125115, 35.5750079]
[-77.3439283, 37.3495726]
[-105.027517, 40.523983]
[-115.1175013, 36.1988592]
[-84.3879824, 33.7489954]
[-79.6077457, 43.7462218]
[-81.8102183, 26.3066903]
[-81.0790724, 36.9550018]
[-75.0760137, 38.7209454]
[-103.326469, 34.183331]
[-78.8494, 42.9047]
[-82.4542632, 27.0997775]
[-97.145401, 32.88940048]
[-80.0886703, 41.1578377]
[-122.1235054, 37.4177563]
[-90.3371889, 38.6105426]
[-71.4128343, 41.8239891]
[-88.0467543, 43.061619]
[-77.1420097, 38.8681122]
[-71.4128343, 41.8239891]
[-93.2922989, 37.2089572]
[-90.7254111, 35.8361601]
[-120.648, 35.1483]
[-81.8087229, 26.4041315]
[-82.6267345, 27.7518284]
[-90.6998477, 38.8106075]
[-74.4120953, 40.5187154]
[-79.1322744, 40.6671629]
[-93.939947, 29.8849504]
[-90.4643906, 38.6887567]
[-90.059, 29.9728]
[-74.4049778, 40.4316955]
[-73.7889689, 40.702677]
[-80.0637146, 34.365948]
[-84.363889, 46.493333]
[-95.0204837, 29.5427297]
[-122.2416355, 37.7652065]
[-85.6935409, 38.1507276]
[-77.0941366, 42.1620186]
[-79.0867579, 43.8384117]
[-80.2685787, 36.0895869]
[-87.3310578, 39.4425083]
[-78.8294768, 42.7158927]
[-119.3870656, 36.5432837]
[-74.2712613, 41.3625937]
[-77.1710914, 38.882334]
[-97.5578545, 35.610289]
[-121.2880059, 38.7521235]
[-76.727745, 39.9625984]
[-98.4936282, 29.4241219]
[-122.4391676, 47.2447203]
[-81.8689563, 26.6449974]
[-73.99525108, 40.70433979]
[-96.8, 32.7833]
[-84.52052107, 38.00176602]
[-74.4120953, 40.5187154]
[-75.9652117, 40.329537]
[-97.1004332, 32.7566046]
[-118.2117257, 34.0502898]
[-121.8863286, 37.3382082]
[-122.1430195, 37.4418834]
[-84.5037164, 38.0405837]
[-82.8543779, 39.9973773]
[-78.7295664, 41.1261496]
[-118.9494734, 35.3980594]
[-80.5660657, 27.4404618]
